\Problem name: HardMarginClassical

Minimize
OBJROW: 0.50000 w_1 + 0.50000 w_2
Subject To
constr(0):  -2.23415 w_1 -2.23414 w_2 + w_3 <= -1
constr(1):  -1.50329 w_1 -2.13826 w_2 + w_3 <= -1
constr(2):  -2.46342 w_1 -2.46573 w_2 + w_3 <= -1
constr(3):  -1.39936 w_1 -1.70831 w_2 - w_3 <= -1
constr(4):  -2.20886 w_1 -0.04033 w_2 - w_3 <= -1
constr(5):  -0.67181 w_1 -2.19686 w_2 - w_3 <= -1
constr(6):  -3.46565 w_1 -1.77422 w_2 - w_3 <= -1
constr(7):  -1.98650 w_1 -0.94229 w_2 - w_3 <= -1
constr(8):  -2.46947 w_1 -1.45744 w_2 + w_3 <= -1
constr(9):  -1.45562 w_1 -2.11092 w_2 - w_3 <= -1
constr(10):  -3.01283 w_1 -1.68575 w_2 + w_3 <= -1
constr(11):  -1.75804 w_1 -3.91328 w_2 + w_3 <= -1
constr(12):  -3.72492 w_1 -2.56229 w_2 + w_3 <= -1
constr(13):  -1.39829 w_1 -3.85228 w_2 - w_3 <= -1
constr(14):  -0.42079 w_1 -1.23257 w_2 + w_3 <= -1
constr(15):  -0.84901 w_1 -2.37570 w_2 - w_3 <= -1
constr(16):  -2.90802 w_1 -3.41230 w_2 + w_3 <= -1
constr(17):  -1.35231 w_1 -0.47697 w_2 + w_3 <= -1
constr(18):  -2.06753 w_1 -0.57525 w_2 - w_3 <= -1
constr(19):  -2.82254 w_1 -0.77916 w_2 - w_3 <= -1
Bounds
End
